"t_bulk_dens"	"t_oc_dens"	"t_oc_stock"	"t_awcts"	"t_awc1"	"t_awc2"	"t_awc3"	"t_oc_cont"	"t_clay_cont"	"t_cecsol"	"t_soilwater_cap"	"t_silt_cont"	"t_ph_hox"
"t_bulk_dens"	1	-0.872	-0.862	-0.965	-0.699	-0.697	-0.692	-0.786	0.361	-0.263	-0.299	-0.189	0.067
"t_oc_dens"	-0.872	1	0.882	0.869	0.581	0.582	0.588	0.787	-0.347	0.402	0.372	0.192	0.079
"t_oc_stock"	-0.862	0.882	1	0.833	0.643	0.646	0.65	0.933	-0.398	0.245	0.23	0.217	0.016
"t_awcts"	-0.965	0.869	0.833	1	0.621	0.611	0.606	0.774	-0.178	0.414	0.433	0.047	0.133
"t_awc1"	-0.699	0.581	0.643	0.621	1	0.985	0.981	0.638	-0.63	-0.302	-0.387	0.423	0.094
"t_awc2"	-0.697	0.582	0.646	0.611	0.985	1	0.978	0.64	-0.656	-0.301	-0.379	0.468	0.065
"t_awc3"	-0.692	0.588	0.65	0.606	0.981	0.978	1	0.649	-0.668	-0.295	-0.371	0.497	0.055
"t_oc_cont"	-0.786	0.787	0.933	0.774	0.638	0.64	0.649	1	-0.338	0.178	0.176	0.219	0.08
"t_clay_cont"	0.361	-0.347	-0.398	-0.178	-0.63	-0.656	-0.668	-0.338	1	0.258	0.444	-0.631	0.252
"t_cecsol"	-0.263	0.402	0.245	0.414	-0.302	-0.301	-0.295	0.178	0.258	1	0.889	-0.324	0.409
"t_soilwater_cap"	-0.299	0.372	0.23	0.433	-0.387	-0.379	-0.371	0.176	0.444	0.889	1	-0.23	0.116
"t_silt_cont"	-0.189	0.192	0.217	0.047	0.423	0.468	0.497	0.219	-0.631	-0.324	-0.23	1	-0.404
"t_ph_hox"	0.067	0.079	0.016	0.133	0.094	0.065	0.055	0.08	0.252	0.409	0.116	-0.404	1
