"t_bulk_dens"	"t_oc_dens"	"t_oc_stock"	"t_awcts"	"t_awc1"	"t_awc2"	"t_awc3"	"t_oc_cont"	"t_clay_cont"	"t_cecsol"	"t_soilwater_cap"	"t_silt_cont"	"t_ph_hox"
"t_bulk_dens"	0	-0.872	-0.862	-0.965	-0.699	-0.697	-0.692	-0.786	0	0	0	0	0
"t_oc_dens"	-0.872	0	0.882	0.869	0.581	0.582	0.588	0.787	0	0	0	0	0
"t_oc_stock"	-0.862	0.882	0	0.833	0.643	0.646	0.65	0.933	0	0	0	0	0
"t_awcts"	-0.965	0.869	0.833	0	0.621	0.611	0.606	0.774	0	0	0	0	0
"t_awc1"	-0.699	0.581	0.643	0.621	0	0.985	0.981	0.638	-0.63	0	0	0	0
"t_awc2"	-0.697	0.582	0.646	0.611	0.985	0	0.978	0.64	-0.656	0	0	0	0
"t_awc3"	-0.692	0.588	0.65	0.606	0.981	0.978	0	0.649	-0.668	0	0	0	0
"t_oc_cont"	-0.786	0.787	0.933	0.774	0.638	0.64	0.649	0	0	0	0	0	0
"t_clay_cont"	0	0	0	0	-0.63	-0.656	-0.668	0	0	0	0	-0.631	0
"t_cecsol"	0	0	0	0	0	0	0	0	0	0	0.889	0	0
"t_soilwater_cap"	0	0	0	0	0	0	0	0	0	0.889	0	0	0
"t_silt_cont"	0	0	0	0	0	0	0	0	-0.631	0	0	0	0
"t_ph_hox"	0	0	0	0	0	0	0	0	0	0	0	0	0
