"bio_19"	"bio_14"	"bio_17"	"bio_11"	"bio_6"	"bio_1"	"bio_8"	"bio_12"	"bio_7"	"bio_10"	"bio_9"	"bio_2"	"bio_5"
"bio_19"	1	0.857	0.901	0.062	0.268	0.074	0.027	0.8	-0.415	0.057	0.198	-0.597	-0.086
"bio_14"	0.857	1	0.989	-0.129	0.088	-0.101	-0.124	0.75	-0.311	-0.105	-0.048	-0.53	-0.225
"bio_17"	0.901	0.989	1	-0.085	0.131	-0.063	-0.096	0.779	-0.341	-0.073	0.004	-0.546	-0.197
"bio_11"	0.062	-0.129	-0.085	1	0.949	0.955	0.83	0.021	-0.531	0.835	0.949	-0.293	0.748
"bio_6"	0.268	0.088	0.131	0.949	1	0.91	0.783	0.17	-0.713	0.787	0.933	-0.571	0.616
"bio_1"	0.074	-0.101	-0.063	0.955	0.91	1	0.953	-0.046	-0.372	0.959	0.951	-0.274	0.872
"bio_8"	0.027	-0.124	-0.096	0.83	0.783	0.953	1	-0.15	-0.189	0.99	0.87	-0.208	0.897
"bio_12"	0.8	0.75	0.779	0.021	0.17	-0.046	-0.15	1	-0.401	-0.118	0.061	-0.45	-0.209
"bio_7"	-0.415	-0.311	-0.341	-0.531	-0.713	-0.372	-0.189	-0.401	1	-0.165	-0.494	0.833	0.113
"bio_10"	0.057	-0.105	-0.073	0.835	0.787	0.959	0.99	-0.118	-0.165	1	0.88	-0.198	0.929
"bio_9"	0.198	-0.048	0.004	0.949	0.933	0.951	0.87	0.061	-0.494	0.88	1	-0.365	0.768
"bio_2"	-0.597	-0.53	-0.546	-0.293	-0.571	-0.274	-0.208	-0.45	0.833	-0.198	-0.365	1	0.127
"bio_5"	-0.086	-0.225	-0.197	0.748	0.616	0.872	0.897	-0.209	0.113	0.929	0.768	0.127	1
