"t_bulk_dens"	"t_oc_dens"	"t_oc_stock"	"t_awcts"	"t_awc2"	"t_awc3"	"t_awc1"	"t_oc_cont"	"t_clay_cont"	"t_cecsol"	"t_soilwater_cap"	"t_ph_kcl"	"t_silt_cont"
"t_bulk_dens"	1	-0.872	-0.862	-0.965	-0.697	-0.692	-0.699	-0.786	0.361	-0.263	-0.299	0.28	-0.189
"t_oc_dens"	-0.872	1	0.882	0.869	0.582	0.588	0.581	0.787	-0.347	0.402	0.372	-0.189	0.192
"t_oc_stock"	-0.862	0.882	1	0.833	0.646	0.65	0.643	0.933	-0.398	0.245	0.23	-0.167	0.217
"t_awcts"	-0.965	0.869	0.833	1	0.611	0.606	0.621	0.774	-0.178	0.414	0.433	-0.156	0.047
"t_awc2"	-0.697	0.582	0.646	0.611	1	0.978	0.985	0.64	-0.656	-0.301	-0.379	0.123	0.468
"t_awc3"	-0.692	0.588	0.65	0.606	0.978	1	0.981	0.649	-0.668	-0.295	-0.371	0.13	0.497
"t_awc1"	-0.699	0.581	0.643	0.621	0.985	0.981	1	0.638	-0.63	-0.302	-0.387	0.144	0.423
"t_oc_cont"	-0.786	0.787	0.933	0.774	0.64	0.649	0.638	1	-0.338	0.178	0.176	0.001	0.219
"t_clay_cont"	0.361	-0.347	-0.398	-0.178	-0.656	-0.668	-0.63	-0.338	1	0.258	0.444	0.142	-0.631
"t_cecsol"	-0.263	0.402	0.245	0.414	-0.301	-0.295	-0.302	0.178	0.258	1	0.889	-0.071	-0.324
"t_soilwater_cap"	-0.299	0.372	0.23	0.433	-0.379	-0.371	-0.387	0.176	0.444	0.889	1	-0.266	-0.23
"t_ph_kcl"	0.28	-0.189	-0.167	-0.156	0.123	0.13	0.144	0.001	0.142	-0.071	-0.266	1	-0.143
"t_silt_cont"	-0.189	0.192	0.217	0.047	0.468	0.497	0.423	0.219	-0.631	-0.324	-0.23	-0.143	1
