"wind_annual"	"wind_1"	"wind_7"	"alt"	"slope"	"srad_annual"
"wind_annual"	1	0.957	0.967	-0.421	-0.278	-0.162
"wind_1"	0.957	1	0.885	-0.322	-0.158	-0.244
"wind_7"	0.967	0.885	1	-0.422	-0.282	-0.086
"alt"	-0.421	-0.322	-0.422	1	0.702	-0.097
"slope"	-0.278	-0.158	-0.282	0.702	1	-0.048
"srad_annual"	-0.162	-0.244	-0.086	-0.097	-0.048	1
