"bio_11"	"bio_6"	"bio_17"	"bio_1"	"bio_19"	"bio_14"	"bio_9"	"bio_8"	"bio_2"	"bio_10"	"bio_12"	"bio_7"	"bio_5"
"bio_11"	1	0.949	-0.085	0.955	0.062	-0.129	0.949	0.83	-0.293	0.835	0.021	-0.531	0.748
"bio_6"	0.949	1	0.131	0.91	0.268	0.088	0.933	0.783	-0.571	0.787	0.17	-0.713	0.616
"bio_17"	-0.085	0.131	1	-0.063	0.901	0.989	0.004	-0.096	-0.546	-0.073	0.779	-0.341	-0.197
"bio_1"	0.955	0.91	-0.063	1	0.074	-0.101	0.951	0.953	-0.274	0.959	-0.046	-0.372	0.872
"bio_19"	0.062	0.268	0.901	0.074	1	0.857	0.198	0.027	-0.597	0.057	0.8	-0.415	-0.086
"bio_14"	-0.129	0.088	0.989	-0.101	0.857	1	-0.048	-0.124	-0.53	-0.105	0.75	-0.311	-0.225
"bio_9"	0.949	0.933	0.004	0.951	0.198	-0.048	1	0.87	-0.365	0.88	0.061	-0.494	0.768
"bio_8"	0.83	0.783	-0.096	0.953	0.027	-0.124	0.87	1	-0.208	0.99	-0.15	-0.189	0.897
"bio_2"	-0.293	-0.571	-0.546	-0.274	-0.597	-0.53	-0.365	-0.208	1	-0.198	-0.45	0.833	0.127
"bio_10"	0.835	0.787	-0.073	0.959	0.057	-0.105	0.88	0.99	-0.198	1	-0.118	-0.165	0.929
"bio_12"	0.021	0.17	0.779	-0.046	0.8	0.75	0.061	-0.15	-0.45	-0.118	1	-0.401	-0.209
"bio_7"	-0.531	-0.713	-0.341	-0.372	-0.415	-0.311	-0.494	-0.189	0.833	-0.165	-0.401	1	0.113
"bio_5"	0.748	0.616	-0.197	0.872	-0.086	-0.225	0.768	0.897	0.127	0.929	-0.209	0.113	1
